version,num_workers,time_secs
2,1,4,500,37.865555,5.247539,32.552094,0.06591387
2,1,4,500,37.52575,5.095154,32.364407,0.06617247
2,1,4,500,37.568268,5.133829,32.368534,0.06589304
2,1,4,500,37.518772,5.051283,32.400963,0.06650802
2,1,4,500,37.48034,5.1099577,32.303497,0.066873275
2,1,4,500,37.56081,5.080677,32.41403,0.06609494
2,2,4,500,36.41,5.206327,31.136593,0.067066774
2,2,4,500,36.554993,5.2714257,31.216688,0.06686351
2,2,4,500,36.142975,5.049116,31.02656,0.06728793
2,2,4,500,36.155384,5.0800076,31.007462,0.067908674
2,2,4,500,36.376,5.176114,31.133402,0.06647457
2,2,4,500,36.163624,5.1085095,30.988882,0.06621834
2,4,4,500,33.07905,5.0490437,27.962828,0.06717068
2,4,4,500,33.053596,5.064091,27.922112,0.06738353
2,4,4,500,33.227074,5.215057,27.94461,0.0673981
2,4,4,500,33.140972,5.11536,27.95845,0.06715269
2,4,4,500,33.274807,5.1534553,28.054602,0.066739544
2,4,4,500,33.214832,5.1462846,28.002048,0.0664919
2,8,4,500,33.31167,5.2740173,27.969265,0.06837513
2,8,4,500,33.12551,5.17587,27.881298,0.068329826
2,8,4,500,33.192165,5.2578278,27.866009,0.06831656
2,8,4,500,33.264904,5.261418,27.935713,0.06776215
2,8,4,500,33.19217,5.2443933,27.880205,0.06756614
2,8,4,500,33.31759,5.2233963,28.026985,0.06719263
2,12,4,500,34.520184,5.5589285,28.892635,0.0686131
2,12,4,500,33.314346,5.154371,28.09182,0.06814642
2,12,4,500,34.024826,5.14524,28.811993,0.06758837
2,12,4,500,9.45001,5.5569544,3.8217895,0.07125723
2,12,4,500,9.360513,5.47495,3.8154001,0.07015884
2,12,4,500,9.263706,5.3908973,3.8021734,0.07062404
2,16,4,500,8.991702,5.622515,3.2984166,0.070765726
2,16,4,500,8.907595,5.623704,3.2126093,0.07127394
2,16,4,500,8.730905,5.4310794,3.2287436,0.07107611
2,16,4,500,8.704031,5.3201423,3.3116393,0.07222477
2,16,4,500,8.765235,5.464375,3.2299936,0.07085937
2,16,4,500,8.825815,5.515482,3.2410944,0.069232695
2,20,4,500,10.179086,6.572186,3.407388,0.19950311
2,20,4,500,10.181651,6.609496,3.4192283,0.15292081
2,20,4,500,10.298636,6.7055817,3.43264,0.16040908
2,20,4,500,10.488849,6.8681583,3.3996654,0.22096547
2,20,4,500,10.490638,6.8020563,3.4681468,0.22042802
2,20,4,500,10.295545,6.645514,3.4550848,0.19493975
2,24,4,500,10.4658575,6.983111,3.3734863,0.109251395
2,24,4,500,10.291817,6.8614316,3.3265846,0.10379246
2,24,4,500,10.4455185,6.9808316,3.3624947,0.10218713
2,24,4,500,10.46407,7.060042,3.3086255,0.095398925
2,24,4,500,10.444305,6.9667273,3.3799276,0.09764715
2,24,4,500,10.1789875,6.7721686,3.3088903,0.09792212
2,28,4,500,10.193863,6.9485493,3.146897,0.0984109
2,28,4,500,10.291444,7.0649424,3.1296628,0.096832775
2,28,4,500,10.271124,7.029285,3.1406426,0.10118968
2,28,4,500,10.484481,7.0659065,3.310639,0.10792878
2,28,4,500,10.259952,7.053988,3.1076956,0.09825926
2,28,4,500,10.282502,6.90497,3.273728,0.10379578
2,32,4,500,10.900594,7.701489,3.111964,0.087129556
2,32,4,500,10.309215,7.0612354,3.139787,0.10818115
2,32,4,500,10.5622015,7.3149486,3.1297834,0.11746453
2,32,4,500,10.459141,7.1856103,3.166645,0.106834576
2,32,4,500,10.633464,7.437511,3.10231,0.093634695
2,32,4,500,10.360811,7.0259275,3.2292256,0.105645
