version,num_workers,time_secs
2,1,4,500,37.79376,5.3517904,32.375053,0.06689763
2,1,4,500,37.34679,5.0540223,32.22777,0.06498442
2,1,4,500,37.077065,5.007206,32.004528,0.06532539
2,1,4,500,37.436993,5.0706577,32.298573,0.06774705
2,1,4,500,37.221943,4.9812913,32.173267,0.06737494
2,1,4,500,37.13769,4.9044456,32.167118,0.06611772
2,2,4,500,22.03309,5.099622,16.865738,0.06771987
2,2,4,500,21.685633,5.0523453,16.565903,0.067376785
2,2,4,500,21.815662,5.149219,16.599384,0.0670464
2,2,4,500,21.799255,5.100499,16.63199,0.06675467
2,2,4,500,21.716896,5.050654,16.599794,0.06644067
2,2,4,500,21.612974,5.0452456,16.500536,0.067182854
2,4,4,500,14.131328,5.1022396,8.962644,0.0664356
2,4,4,500,13.8665,5.0146356,8.78424,0.06761171
2,4,4,500,13.963844,5.0939007,8.802251,0.06768047
2,4,4,500,13.750361,4.948244,8.73504,0.06706386
2,4,4,500,13.748989,4.926194,8.755557,0.067228846
2,4,4,500,14.070257,5.1364894,8.867008,0.06675189
2,8,4,500,10.346422,5.141256,5.1381865,0.066969246
2,8,4,500,10.264961,5.2254257,4.972125,0.067402184
2,8,4,500,10.445393,5.3744674,5.002676,0.06823968
2,8,4,500,10.364939,5.338162,4.9588313,0.067933105
2,8,4,500,10.226006,5.206195,4.952297,0.067500554
2,8,4,500,10.457154,5.315702,5.074328,0.06711619
2,12,4,500,9.434361,5.472584,3.8918033,0.06996638
2,12,4,500,9.443688,5.551714,3.8231115,0.0688563
2,12,4,500,9.266561,5.3959236,3.8013291,0.06930149
2,12,4,500,9.4122715,5.4974833,3.8458345,0.0689456
2,12,4,500,9.339032,5.4481554,3.8224716,0.06839617
2,12,4,500,9.354239,5.473658,3.8116684,0.068903424
2,16,4,500,8.866924,5.555277,3.24312,0.06851787
2,16,4,500,8.719037,5.471804,3.1759098,0.0713144
2,16,4,500,8.885583,5.586403,3.2304244,0.06874115
2,16,4,500,8.9269705,5.6279864,3.2297509,0.069224656
2,16,4,500,8.77184,5.4915805,3.2110012,0.06925103
2,16,4,500,8.790122,5.534918,3.185798,0.06939924
2,20,4,500,10.048405,6.5289354,3.4006896,0.11877132
2,20,4,500,10.018343,6.49205,3.4068706,0.11941277
2,20,4,500,10.032579,6.472815,3.4207342,0.13902386
2,20,4,500,10.120589,6.4747334,3.5123692,0.1334778
2,20,4,500,10.128538,6.592578,3.4133005,0.122649
2,20,4,500,10.10341,6.590323,3.3983111,0.11476807
2,24,4,500,10.030976,6.8566074,3.0899646,0.08439543
2,24,4,500,10.082044,6.9211497,3.079774,0.0811132
2,24,4,500,10.053849,6.4749155,3.4888177,0.09010902
2,24,4,500,10.015122,6.8395243,3.0948176,0.0807735
2,24,4,500,9.967148,6.785025,3.1025083,0.079608224
2,24,4,500,10.122404,6.83745,3.201715,0.083233446
2,28,4,500,10.071277,6.881416,3.1063647,0.08348844
2,28,4,500,10.180973,7.0523963,3.0462,0.082369745
2,28,4,500,10.156881,6.962308,3.1042132,0.090353586
2,28,4,500,10.027276,6.958465,2.9858286,0.08297615
2,28,4,500,10.073938,7.0074296,2.9816628,0.084837936
2,28,4,500,9.806774,6.804326,2.9227424,0.0796992
2,32,4,500,10.133263,7.084675,2.9654553,0.08312472
2,32,4,500,10.108697,7.1619325,2.8642583,0.08250146
2,32,4,500,10.052539,7.0691514,2.901874,0.08150604
2,32,4,500,10.180905,7.18728,2.9133446,0.08027541
2,32,4,500,10.261749,7.1078,3.0722795,0.081661925
2,32,4,500,10.342762,7.2916813,2.9682548,0.082780205
