version,num_workers,time_secs
2,1,4,500,38.223785,5.414512,32.742893,0.06637263
2,1,4,500,37.396664,5.076215,32.254276,0.06616637
2,1,4,500,37.099674,4.9739833,32.059593,0.06609067
2,1,4,500,37.56074,5.0622015,32.429554,0.068973355
2,1,4,500,37.605335,5.197488,32.34121,0.066628814
2,1,4,500,37.471455,5.075098,32.32991,0.066441715
2,2,4,500,21.947594,5.058761,16.821024,0.06777947
2,2,4,500,21.937286,5.1289725,16.741598,0.06670336
2,2,4,500,22.028046,5.193366,16.767141,0.0675327
2,2,4,500,21.84731,5.1756105,16.603855,0.06783897
2,2,4,500,21.93803,5.0965805,16.773916,0.06752441
2,2,4,500,21.863186,5.121517,16.674496,0.067169026
2,4,4,500,14.116094,5.016602,9.031994,0.067487545
2,4,4,500,13.932387,5.1110673,8.754364,0.066952534
2,4,4,500,14.062718,5.1294527,8.865755,0.06749631
2,4,4,500,13.936511,5.029001,8.840111,0.06738895
2,4,4,500,14.06282,5.178668,8.817157,0.06698377
2,4,4,500,13.919309,4.954479,8.897448,0.06737392
2,8,4,500,10.481701,5.164429,5.247307,0.06995333
2,8,4,500,10.308132,5.2529488,4.9850693,0.07010479
2,8,4,500,10.283589,5.2424064,4.9709983,0.070177026
2,8,4,500,10.225815,5.088051,5.068048,0.069703594
2,8,4,500,10.272474,5.2238164,4.9802337,0.068415835
2,8,4,500,10.37177,5.162694,5.1413236,0.06774262
2,12,4,500,9.616724,5.4806404,4.0648675,0.07120996
2,12,4,500,9.377848,5.4853354,3.823204,0.069298424
2,12,4,500,9.381564,5.4871397,3.82467,0.069746464
2,12,4,500,9.488065,5.50223,3.916987,0.068843804
2,12,4,500,9.34315,5.302613,3.9709456,0.06958295
2,12,4,500,9.408167,5.5001836,3.8376307,0.070340045
2,16,4,500,8.949635,5.5693574,3.3100758,0.070193015
2,16,4,500,8.987728,5.5931883,3.3245482,0.069981
2,16,4,500,8.911236,5.59656,3.2446907,0.069975965
2,16,4,500,8.948764,5.6916256,3.1884027,0.068730704
2,16,4,500,8.825079,5.5000615,3.2530212,0.071986794
2,16,4,500,8.802464,5.524663,3.2066534,0.07113844
2,20,4,500,10.488941,6.8621583,3.4095032,0.21727175
2,20,4,500,10.378575,6.7280817,3.4382071,0.21227589
2,20,4,500,10.462873,6.799813,3.460153,0.2028634
