version,num_workers,time_secs
2,20,4,500,10.713017,7.0380874,3.5169363,0.15798487
2,20,4,500,10.398933,6.759574,3.4711125,0.16824208
2,20,4,500,10.289634,6.6319265,3.5102956,0.14740416
2,20,4,500,10.402325,6.7216263,3.4703908,0.21029975
2,20,4,500,10.296177,6.643457,3.4757051,0.17700993
2,20,4,500,10.2949295,6.7581463,3.3917937,0.14498423
2,24,4,500,10.402926,6.9026346,3.4011245,0.099158086
2,24,4,500,10.436833,7.057,3.283511,0.09631422
2,24,4,500,10.399791,6.936427,3.3636343,0.09972183
2,24,4,500,10.544929,6.9517145,3.489066,0.10414134
2,24,4,500,10.482285,7.1245527,3.2591114,0.09861695
2,24,4,500,10.499897,7.1346717,3.26181,0.10340729
2,28,4,500,10.643267,7.3433986,3.1924672,0.107395425
2,28,4,500,10.543501,7.2682376,3.178854,0.09635811
2,28,4,500,10.640477,7.336575,3.2028272,0.10107066
2,28,4,500,10.4732895,7.1920624,3.1920042,0.089168414
2,28,4,500,10.531573,7.053347,3.375561,0.102656424
2,28,4,500,10.4783,7.221841,3.1561985,0.10025615
2,32,4,500,10.427283,7.1900525,3.1338894,0.10332806
2,32,4,500,10.482418,7.209625,3.171301,0.10144702
2,32,4,500,10.631698,7.4807034,3.055173,0.09576751
2,32,4,500,10.585479,7.1382895,3.3460903,0.101089776
2,32,4,500,10.551994,7.3750553,3.070591,0.106343135
2,32,4,500,10.6745,7.363508,3.209138,0.10184625
