version,num_workers, , ,time_secs, , , 
2,1,4,500,44.836864,6.16399,38.59335,0.07950058
2,1,4,500,44.455093,5.885624,38.490097,0.079354495
2,1,4,500,44.518967,5.889759,38.549156,0.080030456
2,1,4,500,44.552288,5.9415317,38.530674,0.080072634
2,1,4,500,44.986862,6.0845146,38.822155,0.080180086
2,1,4,500,45.111412,6.1736393,38.858135,0.079620235
2,2,4,500,26.405697,6.0986404,20.226324,0.080720045
2,2,4,500,26.321497,6.214075,20.02699,0.080418274
2,2,4,500,26.284676,6.2231874,19.98019,0.08128746
2,2,4,500,26.22541,6.1329885,20.011774,0.08062994
2,2,4,500,26.204355,6.1852293,19.938843,0.08027108
2,2,4,500,26.374329,6.2309914,20.063507,0.07981932
2,4,4,500,17.05379,6.149386,10.823748,0.0806446
2,4,4,500,16.834082,6.15039,10.60243,0.081245065
2,4,4,500,16.807451,6.0567293,10.668624,0.08209146
2,4,4,500,16.868103,6.1701846,10.616195,0.081713095
2,4,4,500,16.769375,6.092006,10.595089,0.08226029
2,4,4,500,16.664675,5.9936953,10.58983,0.081138395
2,8,4,500,12.613563,6.348882,6.1820116,0.08265443
2,8,4,500,12.110147,6.0954523,5.9317956,0.08289123
2,8,4,500,12.424543,6.305137,6.037636,0.08176358
2,8,4,500,12.420509,6.347585,5.9919395,0.08097302
2,8,4,500,12.308588,6.2156987,6.010224,0.08265596
2,8,4,500,12.344978,6.290776,5.9724154,0.081773415
2,12,4,500,11.677057,6.7960896,4.7956886,0.08527093
2,12,4,500,11.195043,6.4538207,4.6566386,0.084574424
2,12,4,500,11.330773,6.611101,4.6358213,0.08383885
2,12,4,500,11.17524,6.5315213,4.5577574,0.08595144
2,12,4,500,11.283795,6.4256215,4.774504,0.08365529
2,12,4,500,11.167755,6.5099974,4.5733237,0.08442325
2,16,4,500,10.714134,6.7650356,3.8641233,0.08496834
2,16,4,500,10.772183,6.8392906,3.849207,0.08367888
2,16,4,500,10.707251,6.7934356,3.8302293,0.08357704
2,16,4,500,10.71286,6.79475,3.8348715,0.08323125
2,16,4,500,10.675233,6.7309523,3.859313,0.08496024
2,16,4,500,10.756154,6.705971,3.9659028,0.08427409
2,20,4,500,12.109981,7.8307457,4.0865927,0.19260764
2,20,4,500,12.375926,8.010776,4.1097255,0.25537938
2,20,4,500,12.383402,8.07654,4.120483,0.18637305
2,20,4,500,12.528723,8.108963,4.171028,0.24872208
2,20,4,500,12.310987,7.804226,4.2914224,0.21533152
2,20,4,500,12.614595,8.252094,4.1474295,0.21506521
2,24,4,500,12.287776,8.020751,4.140811,0.12620331
2,24,4,500,12.354983,8.4075575,3.820541,0.12687741
2,24,4,500,12.383427,8.174668,4.086335,0.12241632
2,24,4,500,12.4443865,8.444147,3.8809137,0.11931923
2,24,4,500,12.407572,8.131982,4.150068,0.12551486
2,24,4,500,12.4765835,8.28499,4.0700665,0.12151476
2,28,4,500,12.808216,8.900334,3.7801628,0.12769713
2,28,4,500,12.356865,8.457531,3.7678757,0.13144942
2,28,4,500,12.462315,8.551316,3.7811558,0.12983741
2,28,4,500,12.446627,8.4348755,3.8886828,0.123058595
2,28,4,500,12.428212,8.586693,3.7266197,0.11489328
2,28,4,500,12.2733755,8.37867,3.753916,0.14078341
2,32,4,500,12.525287,8.836449,3.566368,0.12246592
2,32,4,500,12.678629,8.861013,3.6906989,0.12691061
2,32,4,500,12.707258,8.986756,3.591063,0.12942836
2,32,4,500,12.458713,8.630623,3.6906424,0.13744082
2,32,4,500,12.377039,8.617651,3.635499,0.12388535
2,32,4,500,12.713675,8.895934,3.6942744,0.12346092