version,num_workers,time_secs
2,1,4,500,37.86939,5.3599615,32.443058,0.06635769
2,1,4,500,37.509804,5.01447,32.42877,0.06655527
2,1,4,500,37.544514,5.05376,32.423183,0.06755917
2,1,4,500,37.15433,4.9481792,32.13913,0.06700837
2,1,4,500,37.358856,5.028131,32.263733,0.066980615
2,1,4,500,37.18422,4.9713573,32.146427,0.06642795
2,2,4,500,22.284334,4.9614153,17.254274,0.06863256
2,2,4,500,21.99971,5.2053285,16.727863,0.066510096
2,2,4,500,21.972326,5.1510077,16.75568,0.06562871
2,2,4,500,21.979658,5.134966,16.777037,0.067643814
2,2,4,500,21.84079,5.0421987,16.730968,0.0676137
2,2,4,500,21.924252,5.1542096,16.703516,0.066511914
2,4,4,500,14.289706,5.0804095,9.1407385,0.068548925
2,4,4,500,14.079313,5.0904913,8.92195,0.066859275
2,4,4,500,14.03074,5.031381,8.931234,0.06811589
2,4,4,500,14.131907,5.0732512,8.991756,0.06688613
2,4,4,500,14.052629,5.0686345,8.917544,0.06644322
2,4,4,500,14.193202,5.2205443,8.904965,0.06768328
2,8,4,500,10.838733,5.2565346,5.5136576,0.06853249
2,8,4,500,10.272363,5.064713,5.139736,0.06790367
2,8,4,500,10.256389,5.1104345,5.0755877,0.070357285
2,8,4,500,10.320192,5.1661325,5.0857897,0.06826256
2,8,4,500,10.575673,5.1958747,5.31121,0.068580925
2,8,4,500,10.507078,5.215657,5.2231274,0.0682816
2,12,4,500,9.597288,5.4123425,4.114187,0.07075005
2,12,4,500,9.440078,5.3934693,3.9754224,0.07117582
2,12,4,500,9.428,5.4325027,3.924254,0.07123604
2,12,4,500,9.441467,5.396119,3.974661,0.07067711
2,12,4,500,9.454754,5.459123,3.9257188,0.06990562
2,12,4,500,9.527202,5.440297,4.0150685,0.07183018
2,16,4,500,9.020874,5.484931,3.4648275,0.071105994
2,16,4,500,8.87451,5.3848586,3.4173298,0.07231566
2,16,4,500,8.848874,5.593561,3.185194,0.07011144
2,16,4,500,8.91405,5.5131516,3.3307757,0.070114166
2,16,4,500,8.877934,5.5082216,3.2988734,0.070833296
2,16,4,500,9.1079235,5.594157,3.44227,0.07148655
2,20,4,500,10.33018,6.732766,3.439126,0.15828209
2,20,4,500,10.432839,6.810999,3.415547,0.20628522
2,20,4,500,10.262002,6.603256,3.4994016,0.15933809
2,20,4,500,10.702566,6.896467,3.606682,0.19940962
2,20,4,500,10.426066,6.7874947,3.4359598,0.20260371
2,20,4,500,10.524465,6.675994,3.665015,0.18340239
2,24,4,500,10.2787075,6.753977,3.4167368,0.1079853
2,24,4,500,10.224368,6.77087,3.350746,0.10274559
2,24,4,500,10.393563,6.8569455,3.4363105,0.10030002
2,24,4,500,10.16414,6.625455,3.445524,0.09315421
2,24,4,500,10.171744,6.888119,3.1901262,0.09349283
2,24,4,500,10.268697,6.8642693,3.3033278,0.10109238
2,28,4,500,10.216153,7.018443,3.0909371,0.10676636
2,28,4,500,10.22102,6.9989433,3.114363,0.10770466
2,28,4,500,10.18948,6.9307113,3.1751218,0.08363818
2,28,4,500,10.36476,7.005772,3.2581856,0.10079513
2,28,4,500,10.409716,7.207264,3.1015365,0.10090806
2,28,4,500,10.290215,7.000532,3.1935694,0.09610796
2,32,4,500,10.359032,6.861288,3.3907096,0.10702423
2,32,4,500,10.437638,7.2349844,3.100136,0.10250954
2,32,4,500,10.313278,7.173938,3.0447536,0.094578356
2,32,4,500,10.304387,7.1264887,3.0720222,0.10586845
2,32,4,500,10.436103,7.168523,3.1592314,0.10834058
2,32,4,500,10.53365,7.3775983,3.0588734,0.09716861
