version,num_workers, , ,time_secs, , , 
2,1,4,500,44.818,6.2232356,38.51555,0.07919735
2,1,4,500,44.953068,6.137646,38.736633,0.07877588
2,1,4,500,44.674427,6.023502,38.57148,0.079431504
2,1,4,500,45.044167,6.0681977,38.89613,0.07982716
2,1,4,500,44.978966,6.1268263,38.772915,0.07921173
2,1,4,500,44.79217,6.088314,38.624504,0.07933836
2,2,4,500,26.48296,6.1157675,20.287436,0.07974566
2,2,4,500,26.504171,6.248124,20.176146,0.07989386
2,2,4,500,26.26461,6.2461715,19.938484,0.07994197
2,2,4,500,26.274296,6.1815214,20.012806,0.079957575
2,2,4,500,26.126076,6.226642,19.818993,0.080429345
2,2,4,500,26.390608,6.2414103,20.068678,0.08050683
2,4,4,500,17.02144,6.0127273,10.928201,0.08049895
2,4,4,500,16.745935,5.9880877,10.677531,0.08030071
2,4,4,500,16.933474,6.1345325,10.718795,0.0801345
2,4,4,500,17.001886,6.124246,10.796677,0.08095216
2,4,4,500,16.748158,6.0433054,10.624149,0.080695026
2,4,4,500,16.714556,5.9990854,10.635535,0.0799197
2,8,4,500,12.409713,6.361321,5.9677444,0.08063365
2,8,4,500,12.374278,6.3384333,5.954608,0.08122128
2,8,4,500,12.126594,6.1144238,5.93199,0.080164485
2,8,4,500,12.354485,6.270875,6.0019193,0.081678465
2,8,4,500,12.303761,6.2029305,6.019989,0.08082899
2,8,4,500,12.25767,6.2640934,5.9139824,0.07957911
2,12,4,500,11.370218,6.529785,4.758303,0.08211737
2,12,4,500,11.264888,6.6266527,4.5554004,0.08282088
2,12,4,500,11.223901,6.569514,4.573303,0.08106432
2,12,4,500,11.262949,6.6477327,4.5341544,0.08104928
2,12,4,500,11.188421,6.3741,4.7325244,0.081786126
2,12,4,500,11.237696,6.5354114,4.6222367,0.08003768
2,16,4,500,10.69939,6.629197,3.9862342,0.08394403
2,16,4,500,10.681811,6.7116857,3.886557,0.083555095
2,16,4,500,10.762237,6.881388,3.7973557,0.08348222
2,16,4,500,10.747969,6.8294125,3.835929,0.08261356
2,16,4,500,10.776934,6.8016334,3.8937035,0.081585184
2,16,4,500,10.578386,6.6151824,3.8801308,0.083061166
2,20,4,500,12.189815,8.000683,4.067948,0.12117013
2,20,4,500,12.188063,8.053282,4.021355,0.113417454
2,20,4,500,12.3032255,8.106425,4.071683,0.12510829
2,20,4,500,12.236423,8.079482,4.0258274,0.13110335
2,20,4,500,12.275035,8.069719,4.0895357,0.1157703
2,20,4,500,12.282387,7.7732406,4.3957186,0.113372356
2,24,4,500,11.357648,7.6393213,3.6159651,0.102353714
2,24,4,500,11.546289,7.9358582,3.5105743,0.09984869
2,24,4,500,12.029542,8.214669,3.7143114,0.10055369
2,24,4,500,11.702661,8.066297,3.5353212,0.10100834
2,24,4,500,12.08968,8.298982,3.691214,0.09942817
2,24,4,500,11.624864,7.8710732,3.6514683,0.102311
2,28,4,500,12.120943,8.268313,3.752626,0.09999348
2,28,4,500,11.841505,8.256152,3.485857,0.099489704
2,28,4,500,11.816756,8.003846,3.7121072,0.10079304
2,28,4,500,11.873623,8.31177,3.4626667,0.0991784
2,28,4,500,11.581674,8.209634,3.271109,0.10092401
2,28,4,500,11.552921,8.114638,3.3393574,0.098916754
2,32,4,500,11.363929,8.108331,3.154883,0.10070541
2,32,4,500,11.575546,8.259293,3.2140596,0.10218422
2,32,4,500,11.398423,8.066981,3.2328005,0.098633714
2,32,4,500,11.194783,7.9761305,3.1189528,0.09969216
2,32,4,500,11.33617,8.164328,3.071395,0.10043956
2,32,4,500,11.542322,8.369804,3.0720325,0.10047826