version,num_workers, , ,time_secs, , ,
2,1,4,500,45.07187,6.5014906,38.49076,0.07960726
2,1,4,500,44.967365,6.1801305,38.708096,0.07912912
2,1,4,500,45.195435,6.10907,39.006817,0.079535566
2,1,4,500,45.176144,6.179565,38.916775,0.07979785
2,1,4,500,45.271122,6.142007,39.049377,0.07972531
2,1,4,500,45.11366,6.2121134,38.821167,0.08037021
2,2,4,500,26.761515,6.352599,20.327267,0.0816386
2,2,4,500,26.215443,6.1661935,19.968006,0.08122901
2,2,4,500,26.492065,6.2545176,20.15732,0.080216594
2,2,4,500,26.307827,6.165732,20.06167,0.080414645
2,2,4,500,26.410158,6.223839,20.10673,0.07957929
2,2,4,500,26.330242,6.263082,19.98665,0.08049663
2,4,4,500,17.15236,6.2730646,10.799126,0.08016219
2,4,4,500,16.976583,6.2250757,10.671744,0.07975341
2,4,4,500,17.054014,6.3030996,10.670645,0.08025545
2,4,4,500,16.906864,6.2155576,10.611119,0.08017553
2,4,4,500,16.851381,6.2514772,10.520407,0.07948544
2,4,4,500,16.957853,6.3011093,10.576871,0.07985752
2,8,4,500,12.452905,6.396844,5.9755063,0.08054369
2,8,4,500,12.335107,6.310321,5.942402,0.08237026
2,8,4,500,12.20833,6.2934813,5.833516,0.08131863
2,8,4,500,12.09756,6.288141,5.728346,0.08106294
2,8,4,500,12.441877,6.38267,5.9797273,0.07946865
2,8,4,500,12.263514,6.376998,5.807085,0.079423174
2,12,4,500,11.501263,6.691327,4.7302604,0.079661824
2,12,4,500,11.46108,6.728047,4.6530976,0.0799225
2,12,4,500,11.3745775,6.7392316,4.554958,0.08037151
2,12,4,500,11.463907,6.840012,4.5449343,0.07895038
2,12,4,500,11.36229,6.656849,4.6264706,0.07896151
2,12,4,500,11.286048,6.581502,4.6244698,0.08006552
2,16,4,500,10.930434,6.7463236,4.1041703,0.07993057
2,16,4,500,10.740987,6.7850533,3.8729024,0.08301984
2,16,4,500,11.081748,7.1021843,3.8978457,0.08170805
2,16,4,500,10.856588,6.854095,3.9216375,0.080836296
2,16,4,500,10.851073,6.924422,3.8433251,0.08331485
2,16,4,500,10.793096,6.7670155,3.945725,0.08034284
2,20,4,500,12.171373,7.9596157,4.1010075,0.11074063
2,20,4,500,12.21454,7.9459977,4.164443,0.104089595
2,20,4,500,12.459813,8.152811,4.192777,0.11421386
2,20,4,500,12.586034,8.19063,4.2782264,0.117127135
2,20,4,500,12.329305,8.127452,4.091303,0.11054134
2,20,4,500,12.10289,8.0054455,4.0010533,0.09638101
2,24,4,500,11.754082,8.184729,3.4755573,0.09378816
2,24,4,500,12.044819,8.119653,3.8293288,0.09583089
2,24,4,500,11.803859,8.0757475,3.6331024,0.09499956
2,24,4,500,11.4954,7.8469024,3.552326,0.09616389
2,24,4,500,11.897523,8.164505,3.6367877,0.096222915
2,24,4,500,11.774978,8.027885,3.6540794,0.09300451
2,28,4,500,11.878944,8.521051,3.2655835,0.092302546
2,28,4,500,11.469485,8.10092,3.2785592,0.08999892
2,28,4,500,11.752258,8.324741,3.3306599,0.09684952
2,28,4,500,11.592634,8.284287,3.216155,0.09218338
2,28,4,500,11.679838,8.254988,3.3295715,0.095268466
2,28,4,500,11.470156,8.18818,3.189959,0.09200653
2,32,4,500,11.515895,8.394535,3.0281885,0.09316123
2,32,4,500,11.316116,8.209722,3.0153081,0.09107877
2,32,4,500,10.976319,7.666606,3.2163708,0.09333092
2,32,4,500,11.616817,8.137544,3.3877811,0.09148528
2,32,4,500,10.724387,7.4654818,3.1658018,0.09309905
2,32,4,500,11.3755455,8.134771,3.1483922,0.09237463